
Motif: 1
Consensus:	G	T	C	A	T	T	G	T	C
gamma:	0.0868016378608
PWM:	0	1	2	3	4	5	6	7	8	9	10
A	0.25	0.23	0.31	0.09	0.95	0.01	0.00	0.01	0.00	0.00	0.25
C	0.25	0.26	0.31	0.59	0.01	0.03	0.00	0.00	0.01	0.55	0.25
G	0.25	0.26	0.04	0.03	0.01	0.01	0.01	0.98	0.06	0.32	0.25
T	0.25	0.25	0.33	0.30	0.03	0.95	0.99	0.00	0.93	0.13	0.25
Entropy	2.00	2.00	1.76	1.43	0.34	0.32	0.12	0.14	0.43	1.40	2.00

Motif: 2
Consensus:	A	C	C	A	A	T	T	A
gamma:	0.0611192789722
PWM:	0	1	2	3	4	5	6	7	8	9
A	0.25	0.36	0.13	0.03	0.82	0.87	0.04	0.05	0.84	0.25
C	0.25	0.21	0.47	0.54	0.08	0.05	0.03	0.03	0.03	0.25
G	0.25	0.32	0.30	0.02	0.03	0.05	0.04	0.05	0.09	0.25
T	0.25	0.11	0.10	0.41	0.07	0.03	0.90	0.87	0.03	0.25
Entropy	2.00	1.88	1.75	1.27	0.92	0.76	0.65	0.77	0.84	2.00
