
Motif: 1
Consensus:	C	G	G	T	G	T
gamma:	0.0536511685944
PWM:	0	1	2	3	4	5	6	7
A	0.25	0.29	0.19	0.22	0.27	0.23	0.14	0.26
C	0.24	0.29	0.16	0.24	0.18	0.10	0.29	0.25
G	0.24	0.27	0.41	0.29	0.26	0.53	0.24	0.24
T	0.26	0.14	0.24	0.25	0.29	0.14	0.33	0.25
Entropy	2.00	1.95	1.90	1.99	1.98	1.71	1.94	2.00

Motif: 2
Consensus:	G	C	C	T	G	T	T
gamma:	0.0524149563166
PWM:	0	1	2	3	4	5	6	7	8
A	0.25	0.17	0.25	0.29	0.21	0.27	0.26	0.25	0.54
C	0.24	0.28	0.44	0.36	0.26	0.17	0.25	0.24	0.23
G	0.24	0.33	0.18	0.19	0.25	0.35	0.14	0.24	0.09
T	0.26	0.22	0.13	0.16	0.28	0.21	0.35	0.26	0.15
Entropy	2.00	1.96	1.85	1.93	1.99	1.95	1.93	2.00	1.68
