
Motif: 1
Consensus:	T	C	A	T	T	G	T	C
gamma:	0.0786738476818
PWM:	0	1	2	3	4	5	6	7	8	9
A	0.25	0.31	0.09	0.96	0.00	0.00	0.00	0.00	0.00	0.25
C	0.25	0.31	0.58	0.00	0.03	0.00	0.00	0.00	0.55	0.25
G	0.25	0.04	0.03	0.00	0.00	0.00	1.00	0.06	0.32	0.25
T	0.25	0.34	0.29	0.03	0.96	1.00	0.00	0.94	0.13	0.25
Entropy	2.00	1.76	1.45	0.27	0.26	0.04	0.04	0.36	1.40	2.00

Motif: 2
Consensus:	A	C	C	A	A	T	T	A
gamma:	0.0490731280827
PWM:	0	1	2	3	4	5	6	7	8	9
A	0.25	0.44	0.11	0.02	0.84	0.90	0.01	0.06	0.95	0.25
C	0.25	0.17	0.46	0.58	0.10	0.05	0.01	0.01	0.01	0.25
G	0.25	0.34	0.32	0.01	0.01	0.04	0.01	0.01	0.03	0.25
T	0.25	0.06	0.10	0.39	0.05	0.02	0.97	0.91	0.01	0.25
Entropy	2.00	1.72	1.74	1.15	0.81	0.64	0.25	0.52	0.37	2.00
