
Motif: 1
Consensus:	T	C	A	T	T	G	T	C
gamma:	0.0787273813967
PWM:	0	1	2	3	4	5	6	7	8	9
A	0.25	0.31	0.09	0.96	0.00	0.00	0.00	0.00	0.00	0.25
C	0.25	0.31	0.58	0.00	0.03	0.00	0.00	0.00	0.55	0.25
G	0.25	0.04	0.03	0.00	0.00	0.00	0.99	0.06	0.32	0.25
T	0.25	0.34	0.29	0.03	0.97	1.00	0.00	0.94	0.13	0.25
Entropy	2.00	1.76	1.45	0.27	0.24	0.04	0.06	0.37	1.41	2.00

Motif: 2
Consensus:	A	C	C	A	A	T	T	A
gamma:	0.0487860168793
PWM:	0	1	2	3	4	5	6	7	8	9
A	0.25	0.44	0.11	0.02	0.84	0.89	0.01	0.06	0.95	0.25
C	0.25	0.16	0.47	0.58	0.10	0.05	0.01	0.01	0.01	0.25
G	0.25	0.34	0.32	0.01	0.01	0.03	0.01	0.01	0.03	0.25
T	0.25	0.06	0.10	0.39	0.06	0.02	0.97	0.92	0.01	0.25
Entropy	2.00	1.72	1.73	1.17	0.83	0.66	0.24	0.48	0.33	2.00
